[CAN_Z]
ENABLE=1
CAN-ADRESSE=3
DIRECTION=0
HOMEOFFSET=0.000000
MAX=0.000000
MIN=0.000000
SCALE=0.000000
SPEED=0.000000
ACC=0.000000
DEC=0.000000
[CAN_Y]
ENABLE=1
CAN-ADRESSE=2
DIRECTION=0
HOMEOFFSET=0.000000
MAX=0.000000
MIN=0.000000
SCALE=0.000000
SPEED=0.000000
ACC=0.000000
DEC=0.000000
[CAN_X]
ENABLE=1
CAN-ADRESSE=1
DIRECTION=0
HOMEOFFSET=0.000000
MAX=0.000000
MIN=0.000000
SCALE=0.000000
SPEED=0.000000
ACC=0.000000
DEC=0.000000
[CAN]
ENABLE=0
BAUDRATE=16960
[RTC]
DllFile=RTC5DLL.dll
HexFile=C:\Dokumente und Einstellungen\Du\Desktop\Edgewave-HV\
CorFile=f100_k940_Telecentric_1064nm_BiggerLens_D3_352.ct5
[Field]
Zoom=1.000000
Scale=15040.000000
XOffset=0.000000
YOffset=0.000000
Angle=0.000000
[Laser Signal]
LaserMode=CO2
Frequency=100000.000000
TriggerDuration=0.300000
[OPTION]
zAxis=1
